a = [1	12672	1	0.07968	0.99008	0.28432	0.216832	0.504576
1	12672	2	0.074464	0.842848	0.260992	0.224864	0.5104
1	12672	3	0.102432	1.33069	0.229472	0.192032	0.552128
1	12672	4	0.134688	0.877568	0.224736	0.193664	0.450464
1	12672	5	0.189664	0.880064	0.227776	0.20576	0.446048
1	12672	6	0.18608	1.10202	0.232992	0.198304	0.44016
1	12672	7	0.211648	1.2241	0.228512	0.19456	0.548608
1	12672	8	0.262464	1.03549	0.235328	0.19328	0.447136
1	12672	9	0.265088	1.25962	0.222752	0.193056	0.460224
1	12672	10	0.384704	1.23379	0.229728	0.196096	0.447648
1	12672	11	0.356288	1.21894	0.231584	0.19136	0.543584
1	12672	12	0.346976	0.898912	0.249856	0.19712	0.45376
1	12672	13	0.379584	0.837664	0.225152	0.19216	0.453088
1	12672	14	0.402848	1.02186	0.292448	0.235616	0.467712
1	12672	15	0.460896	0.845376	0.235584	0.194592	0.447296
1	12672	16	0.65824	0.832672	0.24352	0.198304	0.452416
1	12672	17	0.4904	0.912768	0.2424	0.229472	0.448992
1	12672	18	0.52656	0.879456	0.284864	0.254624	0.452512
1	12672	19	0.658272	0.857216	0.248128	0.200192	0.463552
1	12672	20	0.58064	0.86464	0.238464	0.20272	0.4528
1	12672	21	0.602688	0.842528	0.239072	0.200448	0.452544
1	12672	22	0.638208	1.00557	0.31376	0.254368	0.460192
1	12672	23	0.688128	0.852288	0.243392	0.201632	0.453856
1	12672	24	0.75168	0.859904	0.241856	0.206368	0.454048
1	12672	25	0.70528	0.88768	0.23824	0.203968	0.46304
1	12672	26	0.762624	1.08406	0.326528	0.239712	0.469568
1	12672	27	0.891712	0.86736	0.248672	0.23728	0.455776
1	12672	28	0.783232	0.85984	0.250464	0.206368	0.46416
1	12672	29	0.847072	0.86688	0.242624	0.206912	0.45488
1	12672	30	1.0231	0.84528	0.248384	0.207424	0.461344
1	12672	31	0.899936	0.833088	0.252	0.205184	0.553696
1	12672	32	0.930976	0.845248	0.25104	0.207392	0.448032
1	12672	33	1.02845	0.87376	0.24432	0.20272	0.512672
1	12672	34	1.91507	0.8328	0.256096	0.21392	0.44672
1	12672	35	1.06954	1.1	0.328576	0.227744	0.462528
1	12672	36	1.67805	0.848768	0.274496	0.21936	0.510112
1	12672	37	1.11606	0.854848	0.256544	0.211072	0.453888
1	12672	38	1.16154	0.836	0.247488	0.205824	0.457024
1	12672	39	1.1648	0.871296	0.25472	0.209664	0.452384
1	12672	40	1.23904	0.841856	0.268064	0.20912	0.545696
1	12672	41	1.58614	0.87968	0.258592	0.212032	0.449696
1	12672	42	1.26352	0.918208	0.263488	0.21184	0.458368
1	12672	43	1.26064	0.857216	0.255776	0.214752	0.479328
1	12672	44	1.59773	1.0729	0.326624	0.264864	0.449056
1	12672	45	1.30915	1.07299	0.267008	0.213376	0.670304
1	12672	46	1.45584	1.02717	0.258944	0.208608	0.454304
1	12672	47	1.42989	1.25587	0.255072	0.215104	0.451072
1	12672	48	1.42266	1.2193	0.258112	0.211936	0.457664
1	12672	49	1.53965	1.08877	0.326624	0.269472	0.5048
1	12672	50	2.48515	1.22685	0.26464	0.245856	0.45264
1	12672	51	1.83805	1.04227	0.264768	0.216832	0.496608
1	12672	52	1.51574	1.21757	0.25984	0.213952	0.45808
1	12672	53	1.53219	1.24787	0.274688	0.225696	0.44208
1	12672	54	1.62077	0.89296	0.262208	0.215168	0.552864
1	12672	55	1.65008	0.856576	0.284224	0.219104	0.466976
1	12672	56	1.63229	0.841728	0.273504	0.2352	0.461792
1	12672	57	1.63056	0.855936	0.276576	0.224672	0.447232
1	12672	58	1.72083	1.01443	0.33424	0.253216	0.457728
1	12672	59	1.79094	0.842336	0.274784	0.220448	0.460256
1	12672	60	1.83306	0.86256	0.272128	0.21664	0.452352
1	12672	61	1.74896	0.834112	0.267968	0.221856	0.45472
1	12672	62	1.79213	1.02707	0.332128	0.253312	0.471232
1	12672	63	2.08061	0.83968	0.279712	0.223808	0.44448
1	12672	64	2.07629	0.846432	0.2752	0.234272	0.455584
1	12672	65	1.86234	0.886816	0.272032	0.222816	0.451904
1	12672	66	2.3199	0.838624	0.274528	0.223776	0.458368
1	12672	67	2.15648	1.12051	0.33632	0.266816	0.452608
1	12672	68	1.92906	0.86608	0.289728	0.222112	0.462272
1	12672	69	2.17498	0.837312	0.276384	0.237248	0.444064
1	12672	70	2.05782	0.865792	0.272768	0.22752	0.461856
1	12672	71	3.16992	0.893056	0.283616	0.228256	0.452224
1	12672	72	2.07715	0.977312	0.354752	0.280224	0.450272
1	12672	73	2.11082	0.868416	0.281952	0.226432	0.467552
1	12672	74	2.3225	0.87808	0.27888	0.228032	0.461408
1	12672	75	2.17011	0.882976	0.313024	0.23264	0.466048
1	12672	76	2.49056	0.898784	0.292448	0.234112	0.447648
1	12672	77	2.2968	0.885984	0.38608	0.267328	0.446624
1	12672	78	2.31309	0.860384	0.285568	0.228992	0.554528
1	12672	79	2.35312	0.877632	0.298336	0.230688	0.44832
1	12672	80	2.57568	0.87696	0.28144	0.235616	0.45072
1	12672	81	2.26781	0.898528	0.292288	0.233984	0.465088
1	12672	82	2.29626	0.848704	0.293376	0.232832	0.48624
1	12672	83	4.8409	0.886144	0.323584	0.231872	0.534048
1	12672	84	2.33338	0.86848	0.293728	0.234048	0.454112
1	12672	85	2.38115	0.872	0.286016	0.233376	0.451776
1	12672	86	2.53488	0.87472	0.284608	0.235456	0.447392
1	12672	87	2.5919	1.0065	0.35808	0.266272	0.4624
1	12672	88	2.56269	0.862592	0.297408	0.23456	0.545504
1	12672	89	2.71674	0.85648	0.302304	0.235456	0.463712
1	12672	90	2.56557	0.881376	0.288544	0.239008	0.475488
1	12672	91	2.52726	0.910752	0.301984	0.243264	0.442976
1	12672	92	2.76576	1.02138	0.375296	0.284512	0.448928
1	12672	93	4.20294	1.04704	0.344672	0.287776	0.451808
1	12672	94	2.78602	0.924768	0.302432	0.242368	0.456256
1	12672	95	3.14896	0.859584	0.295072	0.23568	0.448864
1	12672	96	2.73341	0.871744	0.298752	0.240928	0.454272
1	12672	97	2.73306	0.861184	0.298816	0.240256	0.45232
1	12672	98	2.78733	0.967808	0.357952	0.274976	0.45088
1	12672	99	2.94963	0.85232	0.362144	0.2872	0.465856
1	12672	100	5.67421	0.832384	0.292736	0.242112	0.457632
1	12672	101	2.85808	0.880352	0.30048	0.250752	0.448384
1	12672	102	3.1025	0.846976	0.310432	0.249856	0.45024
1	12672	103	3.04557	0.855488	0.296288	0.243456	0.467232
1	12672	104	3.81389	1.06963	0.296608	0.238112	2.75264
1	12672	105	3.4097	1.36224	0.43248	0.290496	0.461344
1	12672	106	4.58803	0.858208	0.302464	0.244064	0.562528
1	12672	107	2.99709	0.91328	0.301856	0.244736	0.44128
1	12672	108	5.67053	0.900576	0.302272	0.243616	0.453664
1	12672	109	3.01286	0.920864	0.303488	0.252224	0.461152
1	12672	110	4.0791	0.83088	0.30416	0.245792	0.459776
1	12672	111	3.2663	1.05088	0.378016	0.295264	0.450432
1	12672	112	4.75222	0.848224	0.307296	0.245248	0.574368
1	12672	113	3.79744	0.835392	0.310688	0.246848	0.443904
1	12672	114	3.56976	0.83888	0.321216	0.247904	0.452576
1	12672	115	3.21373	0.849152	0.297408	0.248704	0.452608
1	12672	116	3.27149	0.867104	0.326432	0.244672	0.452512
1	12672	117	3.39197	0.899424	0.381632	0.294112	0.46096
1	12672	118	3.42627	0.842848	0.320672	0.265408	0.497248
1	12672	119	3.8103	0.858784	0.314688	0.25264	0.451168
1	12672	120	3.35245	0.877504	0.306592	0.24688	0.45456
1	12672	121	3.90717	0.86288	0.323136	0.259104	0.452256
1	12672	122	3.50038	1.06054	0.33136	0.28448	0.45552
1	12672	123	3.56838	0.85232	0.325472	0.252448	0.530624
1	12672	124	3.85293	0.857696	0.314336	0.2512	0.471552
1	12672	125	3.48163	0.884512	0.315296	0.26032	0.492832
1	12672	126	3.47158	0.837248	0.308288	0.253472	0.50848
1	12672	127	5.7023	0.883872	0.31344	0.255744	0.454304
1	12672	128	5.84349	0.893632	0.319104	0.253536	0.462848
1	12672	129	3.7616	0.870304	0.315264	0.254976	0.444
1	12672	130	3.70006	1.02198	0.386208	0.293792	0.456352
1	12672	131	3.7904	0.847904	0.324128	0.256992	0.538176
1	12672	132	3.75142	0.865088	0.315296	0.257984	0.455104
1	12672	133	5.81062	0.859264	0.319552	0.259712	0.44816
1	12672	134	3.78544	0.88016	0.317408	0.25424	0.470368
1	12672	135	3.67318	0.8504	0.329856	0.262784	0.468192
1	12672	136	3.78573	0.832064	0.31952	0.260768	0.498016
1	12672	137	4.04365	1.07642	0.853088	0.30608	0.450784
1	12672	138	3.92432	0.865696	0.3208	0.267392	0.540832
1	12672	139	4.1216	0.884576	0.324832	0.263264	0.448544
1	12672	140	4.01392	0.879392	0.34544	0.264	0.498848
1	12672	141	3.90246	0.889888	0.31792	0.26112	0.454208
1	12672	142	3.87667	0.839648	0.321376	0.255552	0.522496
1	12672	143	5.46288	0.863648	0.325152	0.261984	0.46624
1	12672	144	4.72038	0.864992	0.400128	0.304544	0.454976
1	12672	145	3.9545	0.847104	0.332448	0.262144	0.461664
